  position:
        x: 2.501544952392578
        y: 0.9354143142700195
        z: 0.0
      orientation:
        x: 0.0
        y: 0.0
        z: -0.8787641503661403
        w: 0.47725629176709183
---

  position:
        x: -0.48806142807006836
        y: 6.8886823654174805
        z: 0.0
      orientation:
        x: 0.0
        y: 0.0
        z: 0.9791798958102228
        w: 0.20299441283217923