image: map_tmr_2024_2_divl.pgm
resolution: 0.075000
origin: [-9.975000, -9.975000, 0.000000]
negate: 0
occupied_thresh: 0.65
free_thresh: 0.196

